,antiguiedad,precio,venta
0,0.0,1.0,
1,0.1,1.0,
2,0.2,1.0,
3,0.3,1.0,
4,0.4,1.0,
5,0.5,1.0,
6,0.6,1.0,
7,0.7,1.0,
8,0.8,1.0,
9,0.9,1.0,
10,1.0,1.0,
11,0.0,0.9,
12,0.1,0.9,
13,0.2,0.9,
14,0.3,0.9,
15,0.4,0.9,
16,0.5,0.9,
17,0.6,0.9,
18,0.7,0.9,
19,0.8,0.9,
20,0.9,0.9,
21,1.0,0.9,
22,0.0,0.8,
23,0.1,0.8,
24,0.2,0.8,
25,0.3,0.8,
26,0.4,0.8,
27,0.5,0.8,
28,0.6,0.8,
29,0.7,0.8,
30,0.8,0.8,
31,0.9,0.8,
32,1.0,0.8,
33,0.0,0.7,
34,0.1,0.7,
35,0.2,0.7,
36,0.3,0.7,
37,0.4,0.7,
38,0.5,0.7,
39,0.6,0.7,
40,0.7,0.7,
41,0.8,0.7,
42,0.9,0.7,
43,1.0,0.7,
44,0.0,0.6,
45,0.1,0.6,
46,0.2,0.6,
47,0.3,0.6,
48,0.4,0.6,
49,0.5,0.6,
50,0.6,0.6,
51,0.7,0.6,
52,0.8,0.6,
53,0.9,0.6,
54,1.0,0.6,
55,0.0,0.5,
56,0.1,0.5,
57,0.2,0.5,
58,0.3,0.5,
59,0.4,0.5,
60,0.5,0.5,
61,0.6,0.5,
62,0.7,0.5,
63,0.8,0.5,
64,0.9,0.5,
65,1.0,0.5,
66,0.0,0.4,
67,0.1,0.4,
68,0.2,0.4,
69,0.3,0.4,
70,0.4,0.4,
71,0.5,0.4,
72,0.6,0.4,
73,0.7,0.4,
74,0.8,0.4,
75,0.9,0.4,
76,1.0,0.4,
77,0.0,0.3,
78,0.1,0.3,
79,0.2,0.3,
80,0.3,0.3,
81,0.4,0.3,
82,0.5,0.3,
83,0.6,0.3,
84,0.7,0.3,
85,0.8,0.3,
86,0.9,0.3,
87,1.0,0.3,
88,0.0,0.2,
89,0.1,0.2,
90,0.2,0.2,
91,0.3,0.2,
92,0.4,0.2,
93,0.5,0.2,
94,0.6,0.2,
95,0.7,0.2,
96,0.8,0.2,
97,0.9,0.2,
98,1.0,0.2,
99,0.0,0.1,
100,0.1,0.1,
101,0.2,0.1,
102,0.3,0.1,
103,0.4,0.1,
104,0.5,0.1,
105,0.6,0.1,
106,0.7,0.1,
107,0.8,0.1,
108,0.9,0.1,
109,1.0,0.1,
110,0.0,0.0,
111,0.1,0.0,
112,0.2,0.0,
113,0.3,0.0,
114,0.4,0.0,
115,0.5,0.0,
116,0.6,0.0,
117,0.7,0.0,
118,0.8,0.0,
119,0.9,0.0,
120,1.0,0.0,
0,,,0.0
1,,,0.0
2,,,0.0
3,,,0.0
4,,,0.0
5,,,0.0
6,,,0.0
7,,,0.0
8,,,0.0
9,,,0.0
10,,,0.0
11,,,1.0
12,,,1.0
13,,,0.0
14,,,0.0
15,,,0.0
16,,,0.0
17,,,0.0
18,,,0.0
19,,,0.0
20,,,0.0
21,,,0.0
22,,,1.0
23,,,1.0
24,,,1.0
25,,,0.0
26,,,0.0
27,,,0.0
28,,,0.0
29,,,0.0
30,,,0.0
31,,,0.0
32,,,0.0
33,,,0.0
34,,,1.0
35,,,1.0
36,,,1.0
37,,,1.0
38,,,1.0
39,,,0.0
40,,,0.0
41,,,0.0
42,,,0.0
43,,,0.0
44,,,0.0
45,,,1.0
46,,,1.0
47,,,1.0
48,,,1.0
49,,,1.0
50,,,0.0
51,,,0.0
52,,,0.0
53,,,0.0
54,,,0.0
55,,,0.0
56,,,0.0
57,,,1.0
58,,,1.0
59,,,1.0
60,,,1.0
61,,,1.0
62,,,0.0
63,,,0.0
64,,,0.0
65,,,0.0
66,,,0.0
67,,,0.0
68,,,1.0
69,,,1.0
70,,,1.0
71,,,1.0
72,,,1.0
73,,,0.0
74,,,0.0
75,,,0.0
76,,,0.0
77,,,0.0
78,,,0.0
79,,,0.0
80,,,1.0
81,,,1.0
82,,,1.0
83,,,1.0
84,,,1.0
85,,,0.0
86,,,0.0
87,,,0.0
88,,,0.0
89,,,0.0
90,,,0.0
91,,,1.0
92,,,1.0
93,,,1.0
94,,,1.0
95,,,1.0
96,,,1.0
97,,,1.0
98,,,0.0
99,,,0.0
100,,,0.0
101,,,0.0
102,,,0.0
103,,,1.0
104,,,1.0
105,,,1.0
106,,,1.0
107,,,1.0
108,,,1.0
109,,,0.0
110,,,0.0
111,,,0.0
112,,,0.0
113,,,0.0
114,,,0.0
115,,,0.0
116,,,1.0
117,,,1.0
118,,,1.0
119,,,1.0
120,,,1.0
